ID         time			漏洞标识
4409     4.013231250e+004	0
43990    6.132310059e+003	1
68552    6.532310059e+003	2
60228    6.132310059e+003	3
20683    6.132310059e+003	4
48589    5.732310059e+003	5
point=-269.860862,         113.805038,         -25.000000
第 1 个结果：(保温冒口)
中心点          		漏洞集合        模数（mm）
(2934.09, 13.581, -25)          2,1,3  	 	46.6
(-2932.9, 13.458, -25)          4,5     	45
(-62.8855, -7.28945, -25)       0       	101
*************************************************

第 1 个结果：（正常冒口）
中心点          		漏洞集合        模数（mm）
(2934.09, 13.581, -25)          2,1,3   	66.6
(-2932.9, 13.458, -25)          4,5     	64.3
(-62.8855, -7.28945, -25)       0       	144.7
*************************************************